0814075016,1024,mm,500000000,1,500000000,2.083566000,500000000,298.02,298.02,0,tier2-03.ochep.ou.edu,tier2-04.ochep.ou.edu,,
0814075020,1024,mm,500000000,2,500000000,2.330707000,500000000,264.91,264.91,0,tier2-03.ochep.ou.edu,tier2-04.ochep.ou.edu,,
0814075024,1024,mm,500000000,3,500000000,2.301402000,500000000,298.02,298.02,0,tier2-03.ochep.ou.edu,tier2-04.ochep.ou.edu,,
0814075028,1024,mm,500000000,4,500000000,2.458273000,500000000,298.02,298.02,0,tier2-03.ochep.ou.edu,tier2-04.ochep.ou.edu,,
0814075033,1024,mm,500000000,5,500000000,2.393929000,262144,0.34,0.34,0,tier2-03.ochep.ou.edu,tier2-04.ochep.ou.edu,,
0814075037,1024,mm,500000000,6,500000000,3.637810000,262144,0.40,0.40,0,tier2-03.ochep.ou.edu,tier2-04.ochep.ou.edu,,
0814075043,1024,mm,500000000,7,500000000,3.646604000,500000000,158.95,158.95,0,tier2-03.ochep.ou.edu,tier2-04.ochep.ou.edu,,
0814075048,1024,mm,500000000,8,500000000,3.650580000,524288,0.84,0.84,0,tier2-03.ochep.ou.edu,tier2-04.ochep.ou.edu,,
0814075054,1024,mm,500000000,9,500000000,3.638231000,500000000,158.95,158.95,0,tier2-03.ochep.ou.edu,tier2-04.ochep.ou.edu,,
0814075100,1024,mm,500000000,10,500000000,3.669012000,262144,0.39,0.39,0,tier2-03.ochep.ou.edu,tier2-04.ochep.ou.edu,,
0814075105,1024,mm,1000000000,1,500000000,3.872483000,1000000000,298.02,298.02,0,tier2-03.ochep.ou.edu,tier2-04.ochep.ou.edu,,
0814075111,1024,mm,1000000000,2,500000000,3.838758000,1000000000,288.99,288.99,0,tier2-03.ochep.ou.edu,tier2-04.ochep.ou.edu,,
0814075117,1024,mm,1000000000,3,500000000,3.989035000,1000000000,288.99,288.99,0,tier2-03.ochep.ou.edu,tier2-04.ochep.ou.edu,,
0814075123,1024,mm,1000000000,4,500000000,3.965877000,1000000000,288.99,288.99,0,tier2-03.ochep.ou.edu,tier2-04.ochep.ou.edu,,
0814075129,1024,mm,1000000000,5,500000000,4.027656000,1000000000,288.99,288.99,0,tier2-03.ochep.ou.edu,tier2-04.ochep.ou.edu,,
0814075135,1024,mm,1000000000,6,500000000,3.983140000,1000000000,288.99,288.99,0,tier2-03.ochep.ou.edu,tier2-04.ochep.ou.edu,,
0814075141,1024,mm,1000000000,7,500000000,3.984460000,1000000000,280.49,280.49,0,tier2-03.ochep.ou.edu,tier2-04.ochep.ou.edu,,
0814075147,1024,mm,1000000000,8,500000000,4.043919000,1000000000,288.99,288.99,0,tier2-03.ochep.ou.edu,tier2-04.ochep.ou.edu,,
0814075153,1024,mm,1000000000,9,500000000,3.988861000,1000000000,288.99,288.99,0,tier2-03.ochep.ou.edu,tier2-04.ochep.ou.edu,,
0814075159,1024,mm,1000000000,10,500000000,4.051393000,1000000000,280.49,280.49,0,tier2-03.ochep.ou.edu,tier2-04.ochep.ou.edu,,
0814075205,1024,mm,1500000000,1,500000000,5.436297000,1500000000,298.02,298.02,0,tier2-03.ochep.ou.edu,tier2-04.ochep.ou.edu,,
0814075212,1024,mm,1500000000,2,500000000,5.678926000,1477443584,281.80,281.80,0,tier2-03.ochep.ou.edu,tier2-04.ochep.ou.edu,,
0814075220,1024,mm,1500000000,3,500000000,5.698901000,1476132864,281.55,281.55,0,tier2-03.ochep.ou.edu,tier2-04.ochep.ou.edu,,
0814075228,1024,mm,1500000000,4,500000000,5.917791000,1458569216,278.20,278.20,0,tier2-03.ochep.ou.edu,tier2-04.ochep.ou.edu,,
0814075235,1024,mm,1500000000,5,500000000,5.725314000,1475608576,281.45,281.45,0,tier2-03.ochep.ou.edu,tier2-04.ochep.ou.edu,,
0814075243,1024,mm,1500000000,6,500000000,5.668017000,1500000000,291.94,291.94,0,tier2-03.ochep.ou.edu,tier2-04.ochep.ou.edu,,
0814075251,1024,mm,1500000000,7,500000000,5.691280000,524288,0.84,0.84,0,tier2-03.ochep.ou.edu,tier2-04.ochep.ou.edu,,
0814075258,1024,mm,1500000000,8,500000000,5.244011000,1500000000,317.89,317.89,0,tier2-03.ochep.ou.edu,tier2-04.ochep.ou.edu,,
0814075306,1024,mm,1500000000,9,500000000,5.805304000,1500000000,286.10,286.10,0,tier2-03.ochep.ou.edu,tier2-04.ochep.ou.edu,,
0814075313,1024,mm,1500000000,10,500000000,4.825472000,1500000000,366.80,366.80,0,tier2-03.ochep.ou.edu,tier2-04.ochep.ou.edu,,
0814075320,1024,mm,2000000000,1,500000000,10.010406000,1560543232,297.65,297.65,0,0,tier2-03.ochep.ou.edu,tier2-04.ochep.ou.edu,
0814075334,1024,mm,2000000000,2,500000000,6.172636000,1791754240,341.75,341.75,0,tier2-03.ochep.ou.edu,tier2-04.ochep.ou.edu,,
0814075342,1024,mm,2000000000,3,500000000,7.363345000,1458044928,278.10,278.10,0,tier2-03.ochep.ou.edu,tier2-04.ochep.ou.edu,,
0814075351,1024,mm,2000000000,4,500000000,7.416276000,262144,0.38,0.38,0,tier2-03.ochep.ou.edu,tier2-04.ochep.ou.edu,,
0814075400,1024,mm,2000000000,5,500000000,7.328691000,1470103552,280.40,280.40,0,tier2-03.ochep.ou.edu,tier2-04.ochep.ou.edu,,
0814075410,1024,mm,2000000000,6,500000000,7.183395000,1500250112,286.15,286.15,0,tier2-03.ochep.ou.edu,tier2-04.ochep.ou.edu,,
0814075419,1024,mm,2000000000,7,500000000,7.473900000,1433665536,273.45,273.45,0,tier2-03.ochep.ou.edu,tier2-04.ochep.ou.edu,,
0814075428,1024,mm,2000000000,8,500000000,7.384075000,1437073408,274.10,274.10,0,tier2-03.ochep.ou.edu,tier2-04.ochep.ou.edu,,
0814075437,1024,mm,2000000000,9,500000000,5.903449000,524288,0.81,0.81,0,tier2-03.ochep.ou.edu,tier2-04.ochep.ou.edu,,
0814075445,1024,mm,2000000000,10,500000000,7.483138000,1446510592,275.90,275.90,0,tier2-03.ochep.ou.edu,tier2-04.ochep.ou.edu,,
0814075455,1024,mm,2500000000,1,500000000,7.174097000,1784676352,340.40,340.40,0,tier2-03.ochep.ou.edu,tier2-04.ochep.ou.edu,,
0814075504,1024,mm,2500000000,2,500000000,8.925404000,1468530688,280.10,280.10,0,0,tier2-03.ochep.ou.edu,tier2-04.ochep.ou.edu,
0814075516,1024,mm,2500000000,3,500000000,8.599205000,1526202368,291.10,291.10,0,0,tier2-03.ochep.ou.edu,tier2-04.ochep.ou.edu,
0814075527,1024,mm,2500000000,4,500000000,9.266765000,1461977088,278.85,278.85,0,0.1,tier2-03.ochep.ou.edu,tier2-04.ochep.ou.edu,
0814075539,1024,mm,2500000000,5,500000000,8.610444000,1473773568,281.10,281.10,0,24,tier2-03.ochep.ou.edu,tier2-04.ochep.ou.edu,
0814075550,1024,mm,2500000000,6,500000000,8.931455000,1482424320,282.75,282.75,0,5,tier2-03.ochep.ou.edu,tier2-04.ochep.ou.edu,
0814075602,1024,mm,2500000000,7,500000000,8.910550000,1449394176,276.45,276.45,0,39,tier2-03.ochep.ou.edu,tier2-04.ochep.ou.edu,
0814075614,1024,mm,2500000000,8,500000000,8.889803000,1464336384,279.30,279.30,0,10,tier2-03.ochep.ou.edu,tier2-04.ochep.ou.edu,
0814075625,1024,mm,2500000000,9,500000000,8.998431000,1438121984,274.30,274.30,0,5,tier2-03.ochep.ou.edu,tier2-04.ochep.ou.edu,
0814075637,1024,mm,2500000000,10,500000000,8.943762000,1456472064,277.80,277.80,0,5,tier2-03.ochep.ou.edu,tier2-04.ochep.ou.edu,
0814075649,1024,mm,500000000,1,500000000,1.855062000,500000000,366.80,366.80,0,tier2-04.ochep.ou.edu,tier2-03.ochep.ou.edu,,
0814075653,1024,mm,500000000,2,500000000,3.724742000,500000000,158.95,158.95,0,tier2-04.ochep.ou.edu,tier2-03.ochep.ou.edu,,
0814075659,1024,mm,500000000,3,500000000,3.730866000,500000000,158.95,158.95,0,tier2-04.ochep.ou.edu,tier2-03.ochep.ou.edu,,
0814075705,1024,mm,500000000,4,500000000,3.617454000,500000000,158.95,158.95,0,tier2-04.ochep.ou.edu,tier2-03.ochep.ou.edu,,
0814075711,1024,mm,500000000,5,500000000,2.331307000,500000000,298.02,298.02,0,tier2-04.ochep.ou.edu,tier2-03.ochep.ou.edu,,
0814075715,1024,mm,500000000,6,500000000,2.406380000,500000000,298.02,298.02,0,tier2-04.ochep.ou.edu,tier2-03.ochep.ou.edu,,
0814075720,1024,mm,500000000,7,500000000,2.329211000,500000000,298.02,298.02,0,tier2-04.ochep.ou.edu,tier2-03.ochep.ou.edu,,
0814075724,1024,mm,500000000,8,500000000,2.446309000,500000000,280.49,280.49,0,tier2-04.ochep.ou.edu,tier2-03.ochep.ou.edu,,
0814075729,1024,mm,500000000,9,500000000,2.333787000,500000000,298.02,298.02,0,tier2-04.ochep.ou.edu,tier2-03.ochep.ou.edu,,
0814075734,1024,mm,500000000,10,500000000,2.103350000,500000000,366.80,366.80,0,tier2-04.ochep.ou.edu,tier2-03.ochep.ou.edu,,
0814075738,1024,mm,1000000000,1,500000000,3.328613000,1000000000,381.47,381.47,0,tier2-04.ochep.ou.edu,tier2-03.ochep.ou.edu,,
0814075743,1024,mm,1000000000,2,500000000,3.387863000,1000000000,366.80,366.80,0,tier2-04.ochep.ou.edu,tier2-03.ochep.ou.edu,,
0814075749,1024,mm,1000000000,3,500000000,3.182221000,786432,1.25,1.25,0,tier2-04.ochep.ou.edu,tier2-03.ochep.ou.edu,,
0814075754,1024,mm,1000000000,4,500000000,3.441920000,1000000000,366.80,366.80,0,tier2-04.ochep.ou.edu,tier2-03.ochep.ou.edu,,
0814075800,1024,mm,1000000000,5,500000000,3.380038000,1000000000,381.47,381.47,0,tier2-04.ochep.ou.edu,tier2-03.ochep.ou.edu,,
0814075805,1024,mm,1000000000,6,500000000,4.189201000,1000000000,288.99,288.99,0,tier2-04.ochep.ou.edu,tier2-03.ochep.ou.edu,,
0814075812,1024,mm,1000000000,7,500000000,3.477828000,1000000000,366.80,366.80,0,tier2-04.ochep.ou.edu,tier2-03.ochep.ou.edu,,
0814075817,1024,mm,1000000000,8,500000000,3.348701000,1000000000,366.80,366.80,0,tier2-04.ochep.ou.edu,tier2-03.ochep.ou.edu,,
0814075823,1024,mm,1000000000,9,500000000,3.581525000,1000000000,328.85,328.85,0,tier2-04.ochep.ou.edu,tier2-03.ochep.ou.edu,,
0814075828,1024,mm,1000000000,10,500000000,4.121231000,1000000000,298.02,298.02,0,tier2-04.ochep.ou.edu,tier2-03.ochep.ou.edu,,
0814075835,1024,mm,1500000000,1,500000000,4.032814000,1500000000,408.72,408.72,0,tier2-04.ochep.ou.edu,tier2-03.ochep.ou.edu,,
0814075841,1024,mm,1500000000,2,500000000,5.681276000,1500000000,298.02,298.02,0,tier2-04.ochep.ou.edu,tier2-03.ochep.ou.edu,,
0814075848,1024,mm,1500000000,3,500000000,5.818301000,1500000000,286.10,286.10,0,tier2-04.ochep.ou.edu,tier2-03.ochep.ou.edu,,
0814075856,1024,mm,1500000000,4,500000000,4.542299000,1500000000,366.80,366.80,0,tier2-04.ochep.ou.edu,tier2-03.ochep.ou.edu,,
0814075903,1024,mm,1500000000,5,500000000,4.565112000,1500000000,376.45,376.45,0,tier2-04.ochep.ou.edu,tier2-03.ochep.ou.edu,,
0814075910,1024,mm,1500000000,6,500000000,5.646025000,1500000000,291.94,291.94,0,tier2-04.ochep.ou.edu,tier2-03.ochep.ou.edu,,
0814075918,1024,mm,1500000000,7,500000000,5.712604000,1500000000,291.94,291.94,0,tier2-04.ochep.ou.edu,tier2-03.ochep.ou.edu,,
0814075926,1024,mm,1500000000,8,500000000,5.748485000,1500000000,291.94,291.94,0,tier2-04.ochep.ou.edu,tier2-03.ochep.ou.edu,,
0814075934,1024,mm,1500000000,9,500000000,4.808862000,1500000000,357.63,357.63,0,tier2-04.ochep.ou.edu,tier2-03.ochep.ou.edu,,
0814075941,1024,mm,1500000000,10,500000000,4.776864000,1500000000,348.91,348.91,0,tier2-04.ochep.ou.edu,tier2-03.ochep.ou.edu,,
0814075948,1024,mm,2000000000,1,500000000,8.303270000,2000000000,405.82,405.82,0,tier2-04.ochep.ou.edu,tier2-03.ochep.ou.edu,,
0814075958,1024,mm,2000000000,2,500000000,5.512343000,2000000000,397.36,397.36,0,tier2-04.ochep.ou.edu,tier2-03.ochep.ou.edu,,
0814080006,1024,mm,2000000000,3,500000000,6.550743000,1725956096,329.20,329.20,0,tier2-04.ochep.ou.edu,tier2-03.ochep.ou.edu,,
0814080014,1024,mm,2000000000,4,500000000,5.991786000,1908670464,364.05,364.05,0,tier2-04.ochep.ou.edu,tier2-03.ochep.ou.edu,,
0814080022,1024,mm,2000000000,5,500000000,7.157345000,1540620288,293.85,293.85,0,tier2-04.ochep.ou.edu,tier2-03.ochep.ou.edu,,
0814080031,1024,mm,2000000000,6,500000000,5.762470000,1931214848,368.35,368.35,0,tier2-04.ochep.ou.edu,tier2-03.ochep.ou.edu,,
0814080039,1024,mm,2000000000,7,500000000,7.129820000,1509687296,287.95,287.95,0,tier2-04.ochep.ou.edu,tier2-03.ochep.ou.edu,,
0814080049,1024,mm,2000000000,8,500000000,7.407466000,1473249280,281.00,281.00,0,tier2-04.ochep.ou.edu,tier2-03.ochep.ou.edu,,
0814080058,1024,mm,2000000000,9,500000000,6.288859000,1801191424,343.55,343.55,0,tier2-04.ochep.ou.edu,tier2-03.ochep.ou.edu,,
0814080107,1024,mm,2000000000,10,500000000,6.336561000,1876951040,358.00,358.00,0,tier2-04.ochep.ou.edu,tier2-03.ochep.ou.edu,,
0814080115,1024,mm,2500000000,1,500000000,8.167640000,1697644544,323.80,323.80,0,tier2-04.ochep.ou.edu,tier2-03.ochep.ou.edu,,
0814080126,1024,mm,2500000000,2,500000000,6.937880000,1980497920,377.75,377.75,0,tier2-04.ochep.ou.edu,tier2-03.ochep.ou.edu,,
0814080135,1024,mm,2500000000,3,500000000,6.778602000,2037907456,388.70,388.70,0,tier2-04.ochep.ou.edu,tier2-03.ochep.ou.edu,,
0814080143,1024,mm,2500000000,4,500000000,6.936019000,1986002944,378.80,378.80,0,tier2-04.ochep.ou.edu,tier2-03.ochep.ou.edu,,
0814080152,1024,mm,2500000000,5,500000000,10.326869000,1987051520,379.00,379.00,0,tier2-04.ochep.ou.edu,tier2-03.ochep.ou.edu,,
0814080205,1024,mm,2500000000,6,500000000,7.783033000,1740898304,332.05,332.05,0,tier2-04.ochep.ou.edu,tier2-03.ochep.ou.edu,,
0814080215,1024,mm,2500000000,7,500000000,7.653651000,1911291904,364.55,364.55,0,tier2-04.ochep.ou.edu,tier2-03.ochep.ou.edu,,
0814080225,1024,mm,2500000000,8,500000000,9.039333000,1430519808,272.85,272.85,0,tier2-04.ochep.ou.edu,tier2-03.ochep.ou.edu,,
0814080236,1024,mm,2500000000,9,500000000,9.030665000,1496055808,279.75,279.75,0,tier2-04.ochep.ou.edu,tier2-03.ochep.ou.edu,,
0814080247,1024,mm,2500000000,10,500000000,7.327732000,1895563264,361.55,361.55,0,tier2-04.ochep.ou.edu,tier2-03.ochep.ou.edu,,
